geo,Architecture and Engineering Occupations,"Arts, Design, Entertainment, Sports, and Media Occupations",Building and Grounds Cleaning and Maintenance Occupations,Business and Financial Operations Occupations,Community and Social Service Occupations,Computer and Mathematical Occupations,Construction and Extraction Occupations,Educational Instruction and Library Occupations,"Farming, Fishing, and Forestry Occupations",Food Preparation and Serving Related Occupations,Healthcare Practitioners and Technical Occupations,Healthcare Support Occupations,"Installation, Maintenance, and Repair Occupations",Legal Occupations,"Life, Physical, and Social Science Occupations",Management Occupations,Office and Administrative Support Occupations,Personal Care and Service Occupations,Production Occupations,Protective Service Occupations,Sales and Related Occupations,Transportation and Material Moving Occupations
ak,4.00,1.32,0.57,8.73,1.53,5.19,3.42,5.21,0.03,6.99,11.65,3.17,2.82,0.49,2.74,10.78,14.75,1.65,1.95,2.02,7.87,3.09
al,5.32,1.11,0.60,8.85,0.95,5.56,2.61,5.36,0.07,7.64,13.27,3.26,2.79,0.50,0.70,6.07,13.49,1.53,3.59,2.21,11.13,3.38
ar,2.05,1.20,0.60,10.28,0.91,4.27,2.36,5.72,0.09,8.27,12.30,3.10,2.58,0.42,0.73,9.08,15.02,1.57,3.60,1.90,10.37,3.58
az,3.35,1.36,0.56,11.44,1.09,6.82,2.98,4.57,0.05,8.32,10.20,3.10,2.07,0.56,0.76,8.76,15.54,1.53,1.44,2.53,10.25,2.73
ca,3.73,2.29,0.53,12.92,1.45,10.51,1.92,4.45,0.16,7.63,9.44,2.99,1.47,0.65,1.31,10.29,11.98,1.58,1.48,2.23,8.38,2.61
co,4.27,1.65,0.55,17.39,0.96,9.32,2.60,4.82,0.04,7.71,8.86,2.66,1.79,0.63,1.27,7.35,10.95,1.80,1.27,1.65,10.18,2.26
ct,4.30,1.70,0.67,8.95,1.45,5.13,1.73,6.17,0.03,6.53,12.42,3.10,1.59,0.62,0.80,13.33,13.96,1.99,1.99,1.94,8.94,2.67
dc,2.67,4.48,0.45,24.83,0.77,21.18,0.60,2.82,0.02,3.47,4.77,1.44,0.52,2.65,2.54,13.66,5.65,0.98,0.73,2.31,2.74,0.72
de,2.18,1.15,0.69,13.29,1.27,7.74,2.06,5.27,0.04,8.21,12.98,2.92,1.72,0.88,1.32,7.00,13.46,1.75,2.26,1.70,9.54,2.59
fl,2.68,1.62,0.67,11.96,0.91,6.17,2.65,4.06,0.02,8.51,11.44,2.95,1.99,0.86,0.67,8.84,15.00,1.63,1.15,2.28,11.21,2.74
ga,2.41,1.31,0.49,15.83,0.85,8.50,1.83,4.37,0.04,8.04,9.95,2.73,2.05,0.61,0.71,8.75,13.25,1.58,1.96,2.03,9.78,2.94
gu,5.04,1.55,0.83,6.59,1.12,4.05,5.48,3.84,0.05,9.55,6.70,2.81,3.05,0.40,1.85,11.45,16.90,1.70,1.95,3.14,9.39,2.55
hi,2.86,1.68,0.86,8.93,1.27,5.94,2.41,5.82,0.04,11.94,11.26,3.09,2.03,0.56,1.65,7.58,14.39,2.08,1.50,2.88,8.80,2.44
ia,3.39,1.61,0.66,10.95,1.17,6.54,2.76,6.01,0.11,7.67,11.34,3.01,2.26,0.38,1.14,8.33,12.96,1.70,3.43,1.32,10.15,3.09
id,3.52,1.42,0.72,8.36,1.24,5.65,3.41,4.80,0.12,8.68,9.79,3.30,2.28,0.56,1.61,7.31,17.86,2.36,2.17,1.55,10.31,2.98
il,3.02,1.46,0.58,11.76,1.15,6.16,1.67,5.64,0.03,7.51,12.32,2.94,1.73,0.66,0.75,9.54,13.92,1.74,2.41,2.32,9.29,3.40
in,3.92,1.44,0.61,8.26,1.25,4.89,2.57,5.21,0.03,9.25,12.33,3.40,2.39,0.45,0.88,7.10,14.06,1.59,3.84,1.92,10.80,3.82
ks,3.60,1.50,0.52,12.35,1.21,4.67,2.38,5.18,0.09,8.67,11.92,3.09,2.30,0.47,1.02,6.54,14.53,1.93,3.14,1.92,9.88,3.11
ky,2.99,1.19,0.62,7.79,1.28,4.86,2.18,5.16,0.04,8.35,13.85,3.51,2.57,0.47,0.80,7.09,16.39,1.69,3.20,1.95,10.02,4.00
la,4.78,1.00,0.58,10.00,0.80,4.90,3.06,4.80,0.03,7.81,13.04,3.43,2.53,0.62,0.95,8.00,14.30,1.60,2.08,2.74,10.10,2.86
ma,4.11,1.78,0.53,13.15,1.41,7.56,2.16,6.12,0.02,6.63,12.22,2.72,1.44,0.63,2.15,10.37,11.44,1.69,1.51,1.80,8.46,2.10
md,3.93,1.30,0.59,14.01,1.07,13.33,2.16,5.04,0.03,5.47,9.38,2.57,1.49,0.60,2.22,11.22,11.66,1.63,0.89,1.92,7.33,2.15
me,3.49,1.50,0.68,10.27,1.63,5.52,2.59,5.80,0.05,7.99,12.76,3.29,2.22,0.47,1.21,8.50,14.09,1.96,2.13,1.48,9.71,2.67
mi,7.26,1.45,0.56,10.53,1.29,5.66,1.92,4.72,0.03,7.64,12.62,3.00,2.03,0.50,0.91,8.14,13.33,1.55,3.04,1.67,9.36,2.78
mn,4.53,1.66,0.57,12.46,1.35,5.93,2.06,4.90,0.03,7.26,11.76,2.84,1.82,0.59,1.22,8.82,14.23,1.75,2.42,1.48,9.64,2.64
mo,2.47,1.37,0.56,10.50,1.18,8.47,2.01,5.63,0.06,6.92,13.19,2.93,1.99,0.58,1.07,8.37,14.61,1.66,2.29,1.89,9.30,2.94
ms,2.64,1.13,0.67,7.02,1.24,3.66,2.65,6.39,0.08,9.30,14.15,3.16,2.71,0.44,0.93,5.26,15.67,1.82,3.52,2.79,11.26,3.50
mt,2.93,1.85,0.78,11.32,1.56,4.17,3.56,5.49,0.11,9.84,11.16,3.07,2.38,0.66,2.12,6.95,13.51,1.89,1.74,1.63,10.55,2.74
nc,3.30,1.56,0.53,11.92,1.01,8.75,2.41,5.22,0.03,7.47,11.45,2.94,2.01,0.49,1.27,8.44,12.57,1.49,2.08,1.88,10.56,2.60
nd,3.16,1.56,0.63,8.39,1.02,5.26,4.14,5.13,0.08,8.11,13.69,2.91,2.81,0.42,1.28,7.92,13.64,2.97,2.17,1.85,9.64,3.23
ne,2.22,1.40,0.59,9.40,1.16,7.68,2.62,5.34,0.09,7.99,12.10,2.94,2.19,0.46,1.00,8.99,13.78,2.48,3.18,1.36,9.84,3.19
nh,4.26,1.27,0.58,9.70,1.03,6.46,2.17,5.14,0.03,7.11,12.24,2.81,1.96,0.62,1.03,9.02,15.07,1.77,2.02,1.46,11.50,2.74
nj,2.37,1.41,0.60,11.92,1.08,7.82,1.67,5.80,0.03,6.19,11.48,2.86,1.63,0.69,1.08,10.03,14.83,2.14,1.47,2.43,8.92,3.55
nm,4.02,1.34,0.60,11.16,1.27,4.88,3.18,5.42,0.07,8.74,10.77,3.06,2.09,0.58,1.57,6.73,17.02,1.53,1.38,3.01,9.03,2.52
nv,2.27,1.51,0.96,9.84,0.93,5.02,3.00,3.80,0.03,11.51,10.04,3.01,2.06,0.57,0.80,9.64,14.23,3.21,1.36,3.10,9.58,3.53
ny,2.28,3.04,0.68,11.51,1.62,6.09,1.81,6.62,0.01,6.58,11.63,2.90,1.72,1.08,0.96,9.14,14.83,1.77,1.27,3.31,8.90,2.25
oh,4.36,1.43,0.55,11.02,1.24,4.51,1.95,5.68,0.03,8.56,14.05,2.95,2.02,0.49,0.80,8.09,13.36,1.35,2.89,1.90,9.50,3.27
ok,2.90,1.27,0.61,9.52,1.40,5.70,2.87,5.63,0.04,9.51,10.73,3.30,2.65,0.61,0.77,6.28,15.89,1.89,2.32,2.39,10.63,3.09
or,4.12,1.89,0.57,12.83,1.90,6.11,2.44,4.66,0.11,8.60,10.79,3.20,1.91,0.60,1.40,8.46,13.06,1.33,2.20,1.58,9.24,3.01
pa,3.33,1.36,0.56,10.29,1.28,7.65,1.88,5.78,0.03,7.04,13.24,2.86,1.89,0.63,1.20,9.55,13.97,1.62,2.14,1.91,8.80,3.00
pr,2.66,0.88,1.08,11.75,1.35,3.10,1.85,5.30,0.06,7.11,11.35,2.31,1.87,0.44,1.01,6.63,18.44,0.83,2.08,5.30,12.15,2.45
ri,3.70,2.05,0.64,11.05,1.58,6.89,1.93,5.87,0.04,8.92,12.29,3.32,1.82,0.66,1.00,6.98,13.64,1.89,2.11,1.95,9.40,2.29
sc,3.90,1.10,0.64,9.23,1.02,6.49,2.11,4.92,0.02,9.01,12.13,2.99,2.18,0.58,0.84,6.79,15.15,1.92,2.50,2.19,11.40,2.89
sd,3.02,1.36,0.72,8.39,1.21,3.87,2.73,5.49,0.10,8.95,15.48,3.03,2.27,0.42,1.35,4.71,14.92,2.35,2.85,1.54,12.01,3.24
tn,3.21,1.39,0.52,9.15,1.07,7.71,2.28,4.52,0.03,8.34,11.11,3.04,2.17,0.46,0.70,9.60,15.83,1.61,2.42,2.11,9.56,3.17
tx,3.15,1.30,0.51,10.64,0.85,9.59,2.58,5.31,0.03,8.27,9.50,2.81,2.24,0.53,0.76,9.90,14.50,1.30,1.76,2.11,9.61,2.74
ut,3.89,1.75,0.61,11.81,1.15,8.72,3.32,4.81,0.02,7.46,8.28,2.93,1.89,0.54,1.05,9.45,15.86,1.68,2.04,1.33,8.82,2.58
va,3.47,1.71,0.60,15.88,0.92,11.15,2.34,5.21,0.03,7.11,9.37,2.65,1.81,0.57,1.19,8.31,11.21,1.69,1.31,2.23,8.89,2.36
vi,1.28,1.52,0.93,13.76,1.05,4.24,2.39,6.45,0.05,9.69,6.95,2.62,2.53,0.59,1.11,10.02,15.33,1.27,1.77,4.44,9.97,2.04
vt,3.53,1.94,0.69,12.58,1.52,8.03,2.01,7.08,0.04,6.69,12.19,2.80,1.74,0.55,1.33,9.44,11.43,1.56,2.12,1.37,9.10,2.26
wa,3.96,1.82,0.49,15.47,1.14,11.55,2.48,4.39,0.08,7.30,8.90,2.91,1.85,0.54,1.49,7.24,11.94,1.28,1.71,1.63,9.35,2.49
wi,3.97,1.46,0.57,10.77,1.01,6.43,2.11,5.29,0.05,7.48,11.61,3.01,1.99,0.43,0.97,7.90,14.57,1.30,3.79,1.59,10.48,3.20
wv,2.71,0.96,0.56,9.39,1.40,8.07,3.04,5.53,0.04,6.78,16.07,3.24,2.51,0.62,1.04,7.11,13.70,1.33,1.93,2.19,9.06,2.72
wy,3.23,1.32,0.80,9.08,1.13,4.03,5.13,6.31,0.13,8.51,10.46,3.02,3.44,0.63,2.23,6.70,13.71,1.95,2.28,2.13,10.56,3.21
